area1 ID861 crustal  strike-slip  wc1994 0   1   50  0   13  2.90 0 0 rigid -117.7495     35.74054    -117.7649     35.81665    -117.7815     35.91292    -117.7639     35.99371    -117.7642     36.03181    -117.7717     36.04371    -117.7618     36.06619    -117.7666     36.09006    -117.7544     36.15812
area1 ID667 crustal  strike-slip  wc1994 0   1   90  0   10  1.90 0 0 rigid -121.2548     40.49096    -121.2345     40.38504    -121.1599     40.28852    -121.1537     40.24237     -121.129       40.201
area1 ID219 crustal  strike-slip  wc1994 0   1   45  0   16  3.40 0 0 rigid -118.695      33.9832     -118.743      33.9731     -118.819      33.9581     -118.935      33.9474      -119.02      33.9698     -119.145      33.9748     -119.228      33.9388
area1 ID197 crustal  strike-slip  wc1994 0   1   71  3.8 14  1.40 0 0 rigid -117.9455      33.7779    -117.9802     33.80593    -118.0267     33.84329    -118.0653     33.87827
area1 ID722 crustal  strike-slip  wc1994 0   1   50  0   13  2.80 0 0 rigid -119.4738     38.46982     -119.474     38.50131     -119.503     38.54691     -119.516     38.57771    -119.5273     38.58288     -119.522     38.59551      -119.53     38.62432     -119.529     38.64584     -119.546     38.66941    -119.5559     38.71518    -119.5695      38.7361     -119.586     38.78094     -119.597     38.79291    -119.6007     38.80887    -119.6241     38.84211
area1 ID845 crustal  strike-slip  wc1994 0   1   90  0   13  2.60 0 0 rigid -117.4596      36.3944    -117.4394     36.33586    -117.4268     36.31278    -117.4199     36.28315    -117.4191     36.25367    -117.4057       36.229    -117.3797     36.16482    -117.3428     36.10473    -117.3302     36.05056    -117.2921     35.97651
area1 ID881 crustal  strike-slip  wc1994 0   1   90  0   13  3.40 0 0 rigid -115.9204     34.92186    -116.1078     35.20719     -116.199      35.3277    -116.2532     35.51841    -116.3153     35.56638    -116.3798     35.58964
area1 ID668 crustal  strike-slip  wc1994 0   1   90  0   14  4.00 0 0 rigid -122.4994     38.99726    -122.5973     39.08996    -122.6532     39.15179    -122.7555     39.21585    -122.8693     39.35009    -122.9198     39.39771    -122.9555      39.4664    -123.0456     39.58348    -123.1205     39.65001    -123.2182     39.70329    -123.2702     39.74837    -123.2876     39.80548    -123.3389     39.90005    -123.3961     39.96296     -123.438      40.0303    -123.4243     40.07723    -123.4495     40.17096    -123.4907     40.20732
area1 ID669 crustal  strike-slip  wc1994 0   1   74  0   20  3.80 0 0 rigid -122.5982     40.21614     -122.522     40.26063    -122.4672     40.28735    -122.3947     40.31957     -122.329     40.34599    -122.2017     40.38887    -121.8548     40.46515
area1 ID842 crustal  strike-slip  wc1994 0   1   60  0   10  2.70 0 0 rigid -124.1213     40.34101    -124.2109     40.43662     -124.396     40.45894    -124.5581     40.52401    -124.7008     40.59973
area1 ID581 crustal  strike-slip  wc1994 0   1   90  0   10  1.90 0 0 rigid -122.4696     38.22547    -122.5367     38.29239    -122.5919     38.37576    -122.6465     38.43466    -122.6555     38.48029
area1 ID158 crustal  strike-slip  wc1994 0   1   90  0   12  1.60 0 0 rigid -116.666     35.28026    -116.6128     35.27059    -116.5069     35.22852    -116.4577      35.2276
area1 ID741 crustal  strike-slip  wc1994 0   1   35  0   13  4.00 0 0 rigid -123.8224     40.76243    -123.8234     40.85097     -123.854     40.93321    -123.9411     40.99904    -124.0101     41.10284    -124.0782     41.14365    -124.1411     41.22261     -124.215     41.34851     -124.245     41.40357    -124.2734     41.46798    -124.3579     41.55917    -124.4265     41.65595    -124.4638     41.89812    -124.5104      41.9464    -124.5948     41.99637     -124.643     42.05122    -124.6785     42.14403    -124.7095     42.25195    -124.7492     42.33455
area1 ID192 crustal  strike-slip  wc1994 0   1   76  0   6.6 1.30 0 0 rigid -119.3566     34.66788    -119.2965      34.6874    -119.2597     34.70893    -119.2147     34.72315    -119.1241     34.71015
area1 ID191 crustal  strike-slip  wc1994 0   1   73  0   14  1.90 0 0 rigid -119.0056     34.81971    -119.0497     34.78783    -119.1809     34.73474    -119.2319     34.74445
area1 ID200 crustal  strike-slip  wc1994 0   1   50  0   11  1.70 0 0 rigid -119.427     34.66513    -119.5186     34.67289    -119.5643     34.66903    -119.6241     34.67012
area1 ID87  crustal  strike-slip  wc1994 0   1   90  0   12  2.80 0 0 rigid -116.9933     35.00138     -117.128      35.1058     -117.214      35.2274     -117.313      35.3663     -117.413      35.4494
area1 ID169 crustal  strike-slip  wc1994 0   1   90  0   13  3.30 0 0 rigid -116.2658     33.90573    -116.1092     33.89976    -116.0095     33.91292    -115.9406     33.90875    -115.8313     33.91136    -115.6735     33.91963    -115.5631     33.92977    -115.4094     33.94089
area1 ID170 crustal  strike-slip  wc1994 0   1   90  0   13  2.90 0 0 rigid -115.7774     33.40201    -115.5532     32.89708
area1 ID541 crustal  strike-slip  wc1994 0   1   60  0   15  1.40 0 0 rigid -118.5609       35.372    -118.5483      35.4037    -118.5454       35.439    -118.5457      35.4686
area1 ID882 crustal  strike-slip  wc1994 0   1   90  0   13  2.30 0 0 rigid -115.9974     34.30545    -116.0316     34.34793    -116.0393     34.38156    -116.0597     34.41721    -116.1046     34.43961    -116.1517     34.48311    -116.2035     34.51416    -116.2541     34.56052
area1 ID94  crustal  strike-slip  wc1994 0   1   67  0   16  2.00 0 0 rigid -116.412     34.12212    -116.4101     34.09358    -116.4127     34.06068    -116.3998     34.03496    -116.3954     34.01312    -116.3955     33.98918    -116.3905      33.9348
area1 ID561 crustal  strike-slip  wc1994 0   1   70  0   12  2.50 0 0 rigid -121.9281     37.12111    -121.9924      37.1441    -122.0811     37.19771    -122.1758     37.21536    -122.2727     37.27279    -122.3868     37.30712
area1 ID165 crustal  strike-slip  wc1994 0   1   90  0   14  2.20 0 0 rigid -116.6569      34.9317    -116.5756     34.90551    -116.4727     34.89341    -116.3698     34.89941    -116.3142     34.89754
area1 ID602 crustal  strike-slip  wc1994 0   1   77  0   11  2.50 0 0 rigid -121.5174     37.05689      -121.56     37.13236     -121.605     37.17406    -121.6702     37.25205    -121.6855     37.30027    -121.7709      37.3897    -121.8164     37.45669
area1 ID601 crustal  strike-slip  wc1994 0   1   80  0   14  2.70 0 0 rigid -122.0427     37.84409    -121.9606     37.75548    -121.9329     37.69265      -121.89     37.61995    -121.8346     37.51025    -121.8164     37.45669
area1 ID621 crustal  strike-slip  wc1994 0   1   77  0   13  2.90 0 0 rigid -121.3961     36.83948    -121.3545     36.78515    -121.2954     36.73871    -121.2446     36.68274    -121.1288       36.578    -121.0631     36.52241    -120.9739     36.42583
area1 ID603 crustal  strike-slip  wc1994 0   1   85  0   9.5 1.60 0 0 rigid -121.3961     36.83948     -121.422     36.89392    -121.4574     36.96641    -121.5174     37.05609
area1 ID88  crustal  strike-slip  wc1994 0   1   90  0   14  4.00 0 0 rigid -116.153      34.1726     -116.222      34.2872     -116.264       34.361     -116.342      34.4768     -116.458      34.5847     -116.495      34.6353     -116.529      34.6744     -116.561      34.7191     -116.596      34.7524     -116.689      34.8568     -116.795      34.9242     -116.837      34.9388    -116.9293     34.99944
area1 ID724 crustal  strike-slip  wc1994 0   1   90  0   15  2.70 0 0 rigid -116.5782      34.5823     -116.674      34.6475     -116.734      34.6994     -116.808      34.7525     -116.857      34.7831     -116.884      34.8312     -116.917      34.8715
area1 ID173 crustal  strike-slip  wc1994 0   1   37  0   15  3.10 0 0 rigid -115.4187     32.31572    -115.4681      32.2784    -115.4752     32.24155    -115.4688     32.20404    -115.3608     32.13531    -115.3434     32.09116    -115.3319     32.05008
area1 ID176 crustal  strike-slip  wc1994 0   1   37  1.6 7.3 1.80 0 0 rigid -117.4732     32.83411    -117.4432     32.94712    -117.4477     33.01218    -117.4878     33.04985    -117.5625     33.05342
area1 ID721 crustal  strike-slip  wc1994 0   1   50  0   13  3.10 0 0 rigid -119.809     38.66871     -119.819      38.7825    -119.7987     38.81354     -119.802      38.8572     -119.837      38.8856     -119.845     38.89983    -119.8405     38.91195    -119.8481     38.93138    -119.8378     38.95419     -119.841     38.97157    -119.8316     38.98118    -119.8344     38.98974    -119.8455     38.99565    -119.8488     39.00685    -119.8437     39.02683    -119.8313     39.04369    -119.8444     39.06115    -119.8461     39.08477    -119.8551      39.0971    -119.8569      39.1125
area1 ID670 crustal  strike-slip  wc1994 0   1   75  0   12  2.50 0 0 rigid -120.7613     34.98364    -120.6993     34.95857    -120.6089     34.93003     -120.494     34.86013    -120.3968     34.84395    -120.3431     34.75868
area1 ID34  crustal  strike-slip  wc1994 0   1   60  0   9.5 3.00 0 0 rigid -121.9014     41.52567    -121.9447     41.81986     -121.963     41.94527    -122.1163     42.19857
area1 ID172 crustal  strike-slip  wc1994 0   1   90  0   14  3.50 0 0 rigid -115.6121     32.65079    -115.3761      32.4673    -115.3414     32.43951    -115.2865     32.40513    -115.2366     32.37152    -115.1605     32.31411    -115.0838     32.26172    -115.0076     32.20941    -114.9331     32.15222
area1 ID129 crustal  strike-slip  wc1994 0   1   20  5   12  3.60 0 0 rigid -119.263      34.0258     -119.361       34.001     -119.466      33.9884     -119.525      33.9866     -119.633      33.9612      -119.68      33.9431     -119.757      33.9431     -119.815      33.9457     -119.882      33.9745
area1 ID214 crustal  strike-slip  wc1994 0   1   21  4.8 12  3.70 0 0 rigid -120.0067     34.28806    -119.9594      34.2928    -119.8593     34.27186     -119.781     34.22344    -119.7436     34.19264    -119.6914     34.18303    -119.5849     34.15842    -119.5421     34.13241    -119.4549      34.1001    -119.4066     34.06878
area1 ID238 crustal  strike-slip  wc1994 0   1   50  0   9   1.70 0 0 rigid -117.745      34.0314     -117.708      33.9655     -117.648      33.9073     -117.597      33.8519
area1 ID124 crustal  strike-slip  wc1994 0   1   50  0   14  1.80 0 0 rigid -117.8458     34.24019    -117.8844      34.2218    -117.9279     34.21812     -117.999     34.17766
area1 ID844 crustal  strike-slip  wc1994 0   1   90  0   16  1.70 0 0 rigid -121.9619     37.97647    -121.8848     37.91427    -121.8473     37.86098
area1 ID81  crustal  strike-slip  wc1994 0   1   90  0   16  2.10 0 0 rigid -117.4725     34.30754     -117.388     34.28579    -117.3455     34.29428    -117.3172      34.2773    -117.2577     34.27447     -117.204     34.28296
area1 ID884 crustal  strike-slip  wc1994 0   1   90  0   13  2.00 0 0 rigid -115.7345     34.18407    -115.7732     34.22187    -115.8204     34.31538     -115.845     34.37413    -115.8758     34.41086
area1 ID883 crustal  strike-slip  wc1994 0   1   90  0   13  1.70 0 0 rigid -115.8594      34.2534    -115.9012     34.32668    -115.9571     34.38185    -115.9672     34.40879
area1 ID582 crustal  strike-slip  wc1994 0   1   90  0   10  1.90 0 0 rigid -122.8474      38.9408    -122.7905     38.88987     -122.704     38.80373    -122.6104     38.75366    -122.5602       38.726
area1 ID184 crustal  strike-slip  wc1994 0   1   20  5.2 16  4.00 0 0 rigid -118.0606     33.68127    -118.1311     33.72571    -118.1786     33.74266     -118.228     33.76037     -118.269      33.7821    -118.3147      33.8006    -118.3594      33.8183    -118.4365      33.8459    -118.5028     33.87267    -118.5469     33.90058    -118.5863     33.93407    -118.6077     33.96618    -118.6255     34.00071
area1 ID622 crustal  strike-slip  wc1994 0   1   90  0   15  1.70 0 0 rigid -122.089     38.04365    -122.0558      37.9984    -122.0133     37.94444    -121.9901     37.89992
area1 ID626 crustal  strike-slip  wc1994 0   1   90  0   15  1.20 0 0 rigid -122.0932     37.85123    -122.1166     37.92495
area1 ID633 crustal  strike-slip  wc1994 0   1   81  0   13  2.00 0 0 rigid -122.2414     38.15416    -122.2007     38.09911    -122.1459     37.99222     -122.137     37.94731    -122.1069      37.9086
area1 ID776 crustal  strike-slip  wc1994 0   1   90  0   8.6 3.40 0 0 rigid -117.5312     32.88249      -117.52      32.8655     -117.507      32.8085     -117.467      32.7524     -117.433      32.7235     -117.413      32.6786     -117.344      32.6238     -117.315       32.594     -117.298      32.5519     -117.266      32.4949      -116.84        31.89
area1 ID157 crustal  strike-slip  wc1994 0   1   90  0   12  2.20 0 0 rigid -116.8069     35.33121    -116.5705     35.31191     -116.523     35.32751    -116.4377     35.32721    -116.4066     35.34274
area1 ID163 crustal  strike-slip  wc1994 0   1   90  0   13  2.70 0 0 rigid -116.9406     35.04897    -116.7738     35.14611    -116.6681     35.15131    -116.5525     35.14611    -116.4795     35.15511    -116.4054      35.1634
area1 ID125 crustal  strike-slip  wc1994 0   1   45  0   13  2.40 0 0 rigid -117.4415     34.18038    -117.4541     34.17341    -117.4772     34.16699    -117.4954     34.16741    -117.5205     34.16828    -117.5582     34.17095    -117.5688     34.17179    -117.5773     34.16593    -117.6331     34.16292    -117.6627     34.14843    -117.7414     34.12329
area1 ID894 crustal  strike-slip  wc1994 0   1   50  0   8.5 1.90 0 0 rigid -120.3614      41.8863    -120.3653     41.78795    -120.3003     41.62299
area1 ID245 crustal  strike-slip  wc1994 0   1   60  0   13  3.50 0 0 rigid -116.8811     36.53986     -116.848     36.42435    -116.7948     36.35862      -116.79      36.3398    -116.7702     36.30015     -116.761     36.26197     -116.761     36.14441    -116.7246     36.09419     -116.761     36.04886     -116.723     35.99129    -116.6904     35.89179
area1 ID45  crustal  strike-slip  wc1994 0   1   90  0   13  3.20 0 0 rigid -117.6675     37.30194    -117.6973     37.32084    -117.7625     37.34746    -117.8073     37.36744    -117.9638     37.52333     -118.034     37.58902    -118.0571     37.60012    -118.0747     37.61347    -118.0932     37.66143     -118.124     37.71606     -118.155     37.75171    -118.1923     37.82865
area1 ID46  crustal  strike-slip  wc1994 0   1   90  0   13  3.80 0 0 rigid -116.8811     36.53986    -117.0896     36.69773    -117.1602     36.75781    -117.2979     36.92502    -117.3235      36.9574    -117.3984     37.03182    -117.5004     37.12219    -117.5391     37.17632     -117.653      37.2941
area1 ID246 crustal  strike-slip  wc1994 0   1   90  0   13  2.40 0 0 rigid -116.399      35.6015    -116.4405     35.63214    -116.4625     35.66712    -116.6213     35.84145     -116.664      35.8748    -116.6904     35.89179
area1 ID51  crustal  strike-slip  wc1994 0   1   50  0   13  2.10 0 0 rigid -117.9425     37.43485    -117.9562     37.39684     -117.959     37.38197    -117.9738     37.36665     -117.987     37.34915    -117.9969      37.3207    -118.0146     37.28657    -118.0327     37.25507    -118.0597     37.23056
area1 ID230 crustal  strike-slip  wc1994 0   1   73  0   19  1.40 0 0 rigid -118.7539     34.43016    -118.6856     34.42777    -118.6632     34.40944
area1 ID889 crustal  strike-slip  wc1994 0   1   90  0   15  2.20 0 0 rigid -120.2514     39.35781    -120.1125     39.46911    -120.0331     39.56493
area1 ID888 crustal  strike-slip  wc1994 0   1   50  0   13  2.30 0 0 rigid -117.6014     37.02661    -117.6103     37.00915    -117.6109     36.99294    -117.6492     36.91648    -117.6746     36.83409    -117.7482     36.80303
area1 ID249 crustal  strike-slip  wc1994 0   1   90  0   19  2.00 0 0 rigid -116.5859     33.18055     -116.565      33.1626     -116.527      33.1369     -116.497      33.1106    -116.4123     33.07177
area1 ID255 crustal  strike-slip  wc1994 0   1   90  0   19  2.50 0 0 rigid -116.852      33.3756     -116.797       33.327     -116.697      33.2652     -116.669      33.2371     -116.612      33.2029    -116.5859     33.18055
area1 ID256 crustal  strike-slip  wc1994 0   1   90  0   19  1.40 0 0 rigid -116.4123     33.07177     -116.384      33.0588     -116.321      33.0377
area1 ID671 crustal  strike-slip  wc1994 0   1   90  0   15  3.40 0 0 rigid -120.011     34.78578    -120.1018     34.83445    -120.1628     34.93507    -120.2058     34.98337    -120.2721      35.0642     -120.318     35.13668    -120.3892     35.25024     -120.492     35.30063
area1 ID672 crustal  strike-slip  wc1994 0   1   90  0   15  3.90 0 0 rigid -123.3067     39.99881    -123.3184     40.05565    -123.3685     40.12674    -123.4104     40.21308    -123.4888     40.30714    -123.5567     40.36494    -123.5845      40.4185    -123.6808     40.52052    -123.7189     40.56957    -123.8309     40.67706    -123.8734     40.75386
area1 ID96  crustal  strike-slip  wc1994 0   1   90  0   11  1.90 0 0 rigid -115.6557     33.23095    -115.8543      33.0299
area1 ID103 crustal  strike-slip  wc1994 0   1   82  0   13  2.30 0 0 rigid -116.006       32.779     -116.099      32.8144     -116.178      32.8377    -116.2302     32.88921    -116.2644     32.93081    -116.3367     32.97477
area1 ID296 crustal  strike-slip  wc1994 0   1   90  0   13  1.90 0 0 rigid -117.59      33.8289     -117.548      33.8129    -117.4633     33.74509    -117.4457     33.73183    -117.4242     33.71851    -117.4026     33.70453    -117.3727     33.68522
area1 ID102 crustal  strike-slip  wc1994 0   1   84  0   19  3.80 0 0 rigid -116.3557     32.94965     -116.407     32.98262    -116.4602     33.01088    -116.5192     33.04934     -116.628      33.1225    -116.6902     33.17807    -116.7292     33.20868     -116.791      33.2465     -116.844       33.279     -116.952       33.332    -117.0082      33.3409
area1 ID402 crustal  strike-slip  wc1994 0   1   90  0   14  1.30 0 0 rigid -117.3727     33.68522     -117.281      33.6116
area1 ID299 crustal  strike-slip  wc1994 0   1   90  0   14  2.40 0 0 rigid -117.281      33.6116    -117.2045     33.55897    -117.1721     33.52894    -117.1417     33.49754    -117.0533     33.42297    -117.0309      33.3914    -117.0152     33.37031    -117.0082     33.34091
area1 ID196 crustal  strike-slip  wc1994 0   1   22  10  15  2.30 0 0 rigid -117.9493     33.85329     -118.126     33.96896    -118.3259     34.05463
area1 ID146 crustal  strike-slip  wc1994 0   1   50  3   15  1.80 0 0 rigid -118.0998     34.06834    -118.1304     34.06122    -118.2348     34.06746    -118.2968     34.11258
area1 ID90  crustal  strike-slip  wc1994 0   1   90  0   14  3.20 0 0 rigid -116.1793     34.15781    -116.2053      34.1718    -116.2421     34.21128    -116.2667     34.23795    -116.2838     34.25329    -116.3042     34.30812    -116.3168     34.33355    -116.3503      34.3728    -116.3792     34.40653    -116.4178     34.43763    -116.4391     34.45042    -116.4788      34.4713    -116.4948      34.4864    -116.5225     34.50872    -116.5399     34.52941     -116.574     34.56855    -116.6514     34.61485     -116.674      34.6475
area1 ID95  crustal  strike-slip  wc1994 0   1   90  0   15  1.70 0 0 rigid -116.3421     33.96074    -116.3432     33.99466    -116.3465     34.00991    -116.3532     34.02392    -116.3551     34.04454    -116.3946     34.12245
area1 ID20  crustal  strike-slip  wc1994 0   1   35  0   13  2.70 0 0 rigid -123.9646     40.74394    -123.9896     40.78458     -124.047     40.85789     -124.184     40.97865
area1 ID698 crustal  strike-slip  wc1994 0   1   60  0   16  2.40 0 0 rigid -118.3923     37.58187    -118.3971     37.47404    -118.4047     37.42886    -118.3772     37.36264    -118.3997      37.3248
area1 ID893 crustal  strike-slip  wc1994 0   1   50  0   8.5 2.30 0 0 rigid -120.3962     41.64475    -120.3871     41.57812    -120.4379     41.49361    -120.4442     41.42228    -120.4351     41.33447     -120.446     41.24267
area1 ID204 crustal  strike-slip  wc1994 0   1   80  0   16  2.00 0 0 rigid -117.409     34.14469    -117.4533     34.10483    -117.4866     34.07491    -117.5242     34.04098    -117.5846     33.98648
area1 ID634 crustal  strike-slip  wc1994 0   1   90  0   13  2.30 0 0 rigid -122.0438     37.84564    -122.0793     37.91325    -122.1586     37.96919    -122.1974     38.01942    -122.2417      38.0597     -122.283     38.12487
area1 ID699 crustal  strike-slip  wc1994 0   1   90  0   25  3.90 0 0 rigid -123.6353     39.98846    -123.7613     40.06264    -123.8556     40.08679    -123.9501     40.15637    -124.0445     40.25189    -124.0692     40.29361    -124.1212     40.36002
area1 ID159 crustal  strike-slip  wc1994 0   1   90  0   13  1.40 0 0 rigid -116.6912     35.25751    -116.6368     35.22631    -116.5756     35.17931
area1 ID341 crustal  strike-slip  wc1994 0   1   90  0   12  3.60 0 0 rigid -118.024     35.28346    -117.7493     35.42322    -117.4869      35.4972    -117.1579      35.5676    -117.0107     35.60182    -116.8789     35.59833
area1 ID48  crustal  strike-slip  wc1994 0   1   90  0   12  2.30 0 0 rigid -116.8789     35.59833     -116.818     35.59671    -116.5908     35.59358     -116.467      35.5864    -116.3797      35.5904
area1 ID49  crustal  strike-slip  wc1994 0   1   90  0   15  3.80 0 0 rigid -118.9183     34.82362    -118.8712     34.82844    -118.8228     34.84924    -118.7708     34.88225     -118.667     34.93138    -118.4747     34.99577    -118.3754      35.0477    -118.3326     35.07881    -118.1191     35.18646    -118.0613     35.22325    -118.0103     35.27129
area1 ID700 crustal  strike-slip  wc1994 0   1   60  0   9.7 2.00 0 0 rigid -121.5988     41.66038     -121.564     41.72962    -121.5671     41.77859    -121.5575     41.86925    -121.5687     41.97464
area1 ID160 crustal  strike-slip  wc1994 0   1   90  0   12  2.10 0 0 rigid -116.7392     35.22503    -116.7589     35.23994    -116.7716     35.25658     -116.796     35.31392    -116.8173     35.33188    -116.8338     35.36295    -116.8353     35.39488    -116.8646     35.41766    -116.8972     35.42644    -116.9154     35.44744    -116.9474     35.46714
area1 ID701 crustal  strike-slip  wc1994 0   1   58  0   8.5 2.60 0 0 rigid -120.349     42.28169    -120.3662     42.23824    -120.3463     42.15486     -120.306     42.07263    -120.2905      41.9851    -120.3157      41.9247    -120.2206     41.80407    -120.1729     41.76143
area1 ID86  crustal  strike-slip  wc1994 0   1   90  0   11  2.80 0 0 rigid -116.9185     34.87243      -116.96     34.88799    -117.0171     34.94894    -117.3374     35.17459    -117.4541     35.25629
area1 ID131 crustal  strike-slip  wc1994 0   1   15  7   9.6 2.10 0 0 rigid -122.2997     39.67855    -122.2808     39.28571
area1 ID133 crustal  strike-slip  wc1994 0   1   15  7   9.6 1.50 0 0 rigid -122.2808     39.28581    -122.2922     39.08907
area1 ID132 crustal  strike-slip  wc1994 0   1   20  9   14  2.80 0 0 rigid -122.2777     39.11694    -122.0484     38.69012
area1 ID383 crustal  strike-slip  wc1994 0   1   20  3   6   1.60 0 0 rigid -121.8779     38.62386    -121.9076     38.71232    -122.0336     38.83174
area1 ID134 crustal  strike-slip  wc1994 0   1   20  9   14  1.70 0 0 rigid -122.0921     38.68803     -121.999     38.53158
area1 ID381 crustal  strike-slip  wc1994 0   1   20  9   14  2.10 0 0 rigid -122.0474     38.52846    -122.0294     38.43972    -121.9463      38.2867
area1 ID717 crustal  strike-slip  wc1994 0   1   55  0   11  1.70 0 0 rigid -121.9046     38.03651    -121.8876     38.08331    -121.9524      38.2145
area1 ID645 crustal  strike-slip  wc1994 0   1   47  1   15  3.70 0 0 rigid -121.8201     38.42867    -121.7411     38.31374    -121.7088      38.2545    -121.6573     38.16717    -121.6343     38.08289    -121.6172     37.99822    -121.6294     37.90707    -121.6481      37.8457
area1 ID136 crustal  strike-slip  wc1994 0   1   20  7   9.6 2.30 0 0 rigid -121.5241     37.73443     -121.051       37.276
area1 ID137 crustal  strike-slip  wc1994 0   1   25  0   6   1.70 0 0 rigid -121.095       37.245    -120.9894     37.09232
area1 ID151 crustal  strike-slip  wc1994 0   1   25  7   9.6 1.60 0 0 rigid -120.9867     37.10314    -120.7489      36.8083
area1 ID138 crustal  strike-slip  wc1994 0   1   15  7   9.6 1.50 0 0 rigid -120.7585     36.79945    -120.6451     36.62798
area1 ID139 crustal  strike-slip  wc1994 0   1   15  7   9.6 1.60 0 0 rigid -120.653     36.64091    -120.4476     36.49507
area1 ID140 crustal  strike-slip  wc1994 0   1   15  7   9.6 1.40 0 0 rigid -120.4383     36.47943    -120.3491     36.33982
area1 ID142 crustal  strike-slip  wc1994 0   1   15  9.1 15  2.80 0 0 rigid -120.358      36.3547     -120.254      36.2671     -120.114      36.1499
area1 ID141 crustal  strike-slip  wc1994 0   1   22  8.1 22  3.10 0 0 rigid -120.139      36.1316     -120.068      36.0909     -119.973      36.0366     -119.921      36.0068
area1 ID623 crustal  strike-slip  wc1994 0   1   84  0   14  2.50 0 0 rigid -122.2231      38.4154    -122.1613     38.23303    -122.1328     38.15394    -122.1104     38.10879     -122.089     38.04365
area1 ID636 crustal  strike-slip  wc1994 0   1   84  0   15  2.80 0 0 rigid -121.5417     37.50736    -121.6178     37.62192    -121.6632     37.67132    -121.7734     37.78807    -121.8017     37.82729    -121.8753      37.8715
area1 ID635 crustal  strike-slip  wc1994 0   1   87  0   11  1.80 0 0 rigid -121.4694      37.2544    -121.4749     37.30207    -121.5016     37.38182    -121.5191     37.46308    -121.5417     37.50736
area1 ID702 crustal  strike-slip  wc1994 0   1   50  0   14  2.10 0 0 rigid -119.0035     37.64553    -119.0076     37.69547    -119.0335      37.7628    -119.0822     37.83408
area1 ID37  crustal  strike-slip  wc1994 0   1   60  0   9.6 3.50 0 0 rigid -121.6331     41.45107    -121.4331     41.10837    -121.4398     40.93453    -121.3732     40.61666    -121.2909     40.56274
area1 ID639 crustal  strike-slip  wc1994 0   1   82  0   11  2.50 0 0 rigid -122.178     37.78233    -122.2161     37.83213    -122.2973     37.92933     -122.413     38.05746    -122.4445     38.10584     -122.474     38.19634
area1 ID638 crustal  strike-slip  wc1994 0   1   76  0   13  2.80 0 0 rigid -121.8024     37.39713    -121.9145     37.48312    -122.0041     37.59493    -122.0509     37.63995    -122.0923     37.68095     -122.178     37.78233
area1 ID637 crustal  strike-slip  wc1994 0   1   48  0   5.1 1.30 0 0 rigid -121.6638     37.23402    -121.7247     37.25782    -121.7398     37.30292    -121.7751     37.34573    -121.8024     37.39713
area1 ID167 crustal  strike-slip  wc1994 0   1   90  0   15  2.10 0 0 rigid -116.3767     34.71515    -116.3564     34.65956    -116.3132     34.60437    -116.2686     34.56044    -116.2571     34.49116
area1 ID84  crustal  strike-slip  wc1994 0   1   90  0   13  3.90 0 0 rigid -116.815      34.3248     -116.857      34.3757     -116.945       34.441     -117.064      34.5394     -117.106      34.6038     -117.328      34.7868     -117.418      34.9156     -117.497      35.0428     -117.597      35.1087
area1 ID703 crustal  strike-slip  wc1994 0   1   50  0   15  2.50 0 0 rigid -118.763     37.50661    -118.8076     37.60673    -118.8874     37.67064    -118.9494     37.73181
area1 ID108 crustal  strike-slip  wc1994 0   1   70  0   17  1.90 0 0 rigid -118.223      34.1217     -118.317      34.1104    -118.3723     34.09908    -118.4207      34.0786
area1 ID228 crustal  strike-slip  wc1994 0   1   58  0   19  2.30 0 0 rigid -118.7533     34.43862    -118.7345     34.43862    -118.6741     34.44993    -118.6427     34.44868     -118.513     34.40599
area1 ID723 crustal  strike-slip  wc1994 0   1   90  0   16  2.70 0 0 rigid -116.3136      34.1598    -116.3275      34.1854    -116.3348      34.2109    -116.3654      34.2367    -116.4008      34.2866    -116.4089      34.3108    -116.4263      34.3213    -116.4508     34.36412     -116.495      34.4418    -116.5274     34.48985    -116.5373     34.52057
area1 ID704 crustal  strike-slip  wc1994 0   1   90  0   9.7 2.60 0 0 rigid -120.0082     39.97361    -120.0653     40.00619    -120.1371     40.06618    -120.2587     40.15767    -120.4483     40.23236    -120.4917     40.28504    -120.6611     40.32371
area1 ID30  crustal  strike-slip  wc1994 0   1   80  0   12  4.00 0 0 rigid -120.746      34.8548     -120.766      34.8931     -120.795       34.934     -120.805      34.9754     -120.834      35.0469     -120.866      35.1085     -120.879      35.1429     -120.917     35.20629    -120.9728     35.31748     -121.002      35.3547     -121.046      35.4214     -121.064      35.4542     -121.091       35.502     -121.158      35.6027     -121.194      35.6523     -121.241      35.7005     -121.286      35.7437     -121.319      35.7685     -121.365      35.7917     -121.418      35.8356     -121.453      35.8623     -121.494      35.8946     -121.517      35.9287     -121.561       35.968     -121.727      36.1462
area1 ID208 crustal  strike-slip  wc1994 0   1   80  0   7.5 1.50 0 0 rigid -120.6865     34.60456    -120.6874     34.66301     -120.691     34.70746    -120.7321     34.79531     -120.746      34.8548
area1 ID50  crustal  strike-slip  wc1994 0   1   90  0   12  3.10 0 0 rigid -117.3955      36.4467    -117.4325     36.47526    -117.5401     36.52326    -117.6208     36.56991    -117.6814     36.61723    -117.8218      36.6605    -117.8495     36.70512    -117.8756     36.75447    -117.9521     36.92415
area1 ID677 crustal  strike-slip  wc1994 0   1   90  0   12  2.20 0 0 rigid -122.3641     38.68143    -122.3869     38.78288    -122.3842     38.83594    -122.4062     38.88398    -122.4554     38.94115    -122.4999     38.99726
area1 ID640 crustal  strike-slip  wc1994 0   1   90  0   11  2.20 0 0 rigid -122.2231      38.4154    -122.2501     38.46641    -122.2401     38.55527    -122.2986     38.62339    -122.3441     38.65787    -122.4481     38.75121
area1 ID97  crustal  strike-slip  wc1994 0   1   82  0   11  2.70 0 0 rigid -115.169        32.47    -115.4998     32.83587    -115.5359     32.88044    -115.5525     32.92551
area1 ID678 crustal  strike-slip  wc1994 0   1   50  0   11  1.80 0 0 rigid -119.9985     39.12404    -119.9662     39.18032     -119.961     39.25654    -119.9312     39.29494
area1 ID65  crustal  strike-slip  wc1994 0   1   50  0   15  3.80 0 0 rigid -118.092      36.5015     -118.168      36.5586     -118.224      36.6239     -118.234      36.6634     -118.302      36.7735      -118.32      36.8287     -118.304      36.8802    -118.3365     36.97624    -118.3453     37.00376    -118.3666     37.03629    -118.4053     37.07131    -118.4041     37.09883
area1 ID892 crustal  strike-slip  wc1994 0   1   50  0   12  2.50 0 0 rigid -120.2533     41.04585    -120.3003     41.17834    -120.3397     41.22717    -120.3121     41.28048    -120.3325     41.30531     -120.315     41.35832
area1 ID91  crustal  strike-slip  wc1994 0   1   90  0   16  2.90 0 0 rigid -116.421      34.1682     -116.437      34.1967     -116.441      34.2736    -116.4539     34.30817    -116.4582      34.3132    -116.4816     34.34338    -116.5069     34.37537    -116.5539      34.4105    -116.5845     34.43033    -116.6319     34.47537    -116.6542     34.49249    -116.6948     34.54474    -116.6981     34.55601
area1 ID168 crustal  strike-slip  wc1994 0   1   90  0   13  1.60 0 0 rigid -116.2973     34.08452    -116.3182     34.02492      -116.32     33.98681    -116.3003     33.93231
area1 ID679 crustal  strike-slip  wc1994 0   1   90  0   10  1.80 0 0 rigid -120.8467     40.09097    -120.9087     40.16722    -121.0352     40.22474    -121.1073     40.27137
area1 ID542 crustal  strike-slip  wc1994 0   1   60  0   15  2.50 0 0 rigid -118.5315       35.462    -118.5316      35.4828    -118.5008      35.5873    -118.4321      35.7259    -118.4201      35.7654
area1 ID544 crustal  strike-slip  wc1994 0   1   60  0   15  3.00 0 0 rigid -118.4255      36.1915    -118.4119      36.2809     -118.416      36.4407     -118.409      36.5471     -118.427       36.658
area1 ID543 crustal  strike-slip  wc1994 0   1   60  0   15  2.90 0 0 rigid -118.4019      35.7667    -118.4505      35.8988    -118.4615      35.9641    -118.4394      36.1309    -118.4255      36.1915
area1 ID92  crustal  strike-slip  wc1994 0   1   90  0   15  1.00 0 0 rigid -116.4539     34.30817    -116.4508     34.36412
area1 ID680 crustal  strike-slip  wc1994 0   1   29  0   6.5 2.40 0 0 rigid -124.3466     40.24023     -124.267     40.21775    -124.0764     40.14691    -123.9895     40.01043
area1 ID641 crustal  strike-slip  wc1994 0   1   51  0   14  3.60 0 0 rigid -119.9509     35.06102    -120.0732     35.13816    -120.1393      35.1943    -120.1879     35.23274    -120.2491     35.26057    -120.3216     35.32461    -120.3946     35.37101    -120.4365     35.40467    -120.5041     35.51085
area1 ID104 crustal  strike-slip  wc1994 0   1   90  0   13  3.70 0 0 rigid -115.099      32.1608       -115.2      32.2014     -115.244       32.222     -115.287      32.2432     -115.327       32.263       -115.4      32.2883      -115.72      32.5449     -115.808      32.5919      -115.84      32.6628     -115.883      32.7271
area1 ID207 crustal  strike-slip  wc1994 0   1   90  0   15  3.10 0 0 rigid -118.4442     35.47509    -118.3141     35.88272    -118.3131     35.96672    -118.3356     36.00002
area1 ID642 crustal  strike-slip  wc1994 0   1   90  0   15  1.50 0 0 rigid -121.684     37.69065    -121.8133     37.60758
area1 ID890 crustal  strike-slip  wc1994 0   1   50  0   15  2.80 0 0 rigid -120.0097         39.6    -120.0754     39.75539    -120.0632     39.88251    -120.0224     39.93181
area1 ID85  crustal  strike-slip  wc1994 0   1   90  0   13  4.00 0 0 rigid -116.643      34.3498     -116.696      34.4631     -116.767      34.5527     -116.842      34.6451     -116.926      34.7504     -117.085      34.8715     -117.248      34.9536     -117.474      35.0523     -117.776      35.2155
area1 ID705 crustal  strike-slip  wc1994 0   1   90  0   9.4 3.00 0 0 rigid -120.2451       40.891    -120.3613       40.983    -120.4266      41.0619    -120.4954     41.11566    -120.5446     41.16851    -120.5966     41.21307    -120.6356     41.25979    -120.7269     41.33144     -120.829     41.39655    -120.9138     41.46082    -120.9633     41.50169
area1 ID681 crustal  strike-slip  wc1994 0   1   75  0   12  2.90 0 0 rigid -120.1027     34.64919    -120.1715     34.66889    -120.2204     34.69663    -120.3027     34.70561     -120.433     34.72727    -120.5719     34.84819    -120.6313     34.87339    -120.7259     34.88867
area1 ID144 crustal  strike-slip  wc1994 0   1   90  0   13  2.40 0 0 rigid -117.6475     35.60516    -117.8091     35.81126    -117.8834     35.90688    -117.9125     35.93426
area1 ID16  crustal  strike-slip  wc1994 0   1   30  0   13  3.50 0 0 rigid -124.231       40.764     -124.352       40.796     -124.475       40.941     -124.641       41.004
area1 ID17  crustal  strike-slip  wc1994 0   1   30  0   13  3.00 0 0 rigid -123.99       40.534     -124.104       40.584     -124.178       40.646     -124.231       40.764
area1 ID683 crustal  strike-slip  wc1994 0   1   30  0   12  2.60 0 0 rigid -120.3378     34.75688    -120.2099     34.72672    -120.1352     34.67907      -120.09     34.63919
area1 ID780 crustal  strike-slip  wc1994 0   1   30  0   12  2.40 0 0 rigid -120.089     34.63918    -119.9223      34.5945    -119.8734      34.5556
area1 ID643 crustal  strike-slip  wc1994 0   1   39  0   14  2.20 0 0 rigid -121.923       37.976    -121.9844     37.99988    -122.0362     38.06498    -122.1026     38.08894
area1 ID74  crustal  strike-slip  wc1994 0   1   45  0   12  3.20 0 0 rigid -120.995       35.362    -120.8664     35.30209    -120.7818     35.29963    -120.7352     35.28492    -120.6837     35.24569    -120.6543     35.20891    -120.5317     35.16967    -120.4814     35.12554    -120.4569     35.12186
area1 ID201 crustal  strike-slip  wc1994 0   1   29  4.2 12  2.30 0 0 rigid -119.922     35.80238     -119.867     35.74423    -119.8121     35.68604    -119.7573     35.62782    -119.7025     35.56957
area1 ID166 crustal  strike-slip  wc1994 0   1   90  0   11  2.90 0 0 rigid -116.2498     34.95961    -116.2024     34.90671    -116.2166     34.82371    -116.1882     34.78341    -116.1606     34.70521    -115.8662     34.43188
area1 ID644 crustal  strike-slip  wc1994 0   1   63  0   11  4.00 0 0 rigid -122.6472     38.49992     -122.743     38.61613    -122.8019     38.68105     -122.958     38.81569    -123.0837     39.01752    -123.2012     39.19988     -123.232     39.25114    -123.2632     39.29359    -123.3447     39.39546    -123.3759     39.43605    -123.5531     39.72345    -123.6717     39.84598
area1 ID22  crustal  strike-slip  wc1994 0   1   35  0   13  3.10 0 0 rigid -123.9246     40.74703     -123.959     40.80849    -123.9963     40.83718    -124.0696     40.89953    -124.1117     40.93317    -124.1487     40.98371    -124.2332     41.03211
area1 ID221 crustal  strike-slip  wc1994 0   1   74  0   7.8 1.70 0 0 rigid -118.933     34.04816    -118.9942     34.05267    -119.0861     34.05937     -119.178     34.06601    -119.2393     34.07039    -119.3076     34.06754
area1 ID220 crustal  strike-slip  wc1994 0   1   75  0   7.8 1.80 0 0 rigid -118.525      34.0287      -118.62      34.0374      -118.68      34.0392     -118.727      34.0323     -118.798       34.033     -118.933      34.0464
area1 ID164 crustal  strike-slip  wc1994 0   1   90  0   13  2.80 0 0 rigid -116.757     34.92618    -116.5446     34.98101    -116.3652     35.02441    -116.2991     35.03844    -116.2338      35.0142    -116.1369     35.01044
area1 ID21  crustal  strike-slip  wc1994 0   1   35  0   13  3.30 0 0 rigid -123.8638     40.75712    -123.9034     40.79176     -123.942     40.81747    -123.9985     40.85803    -124.0513     40.90951    -124.0908     40.96203    -124.1831     41.05808    -124.2327     41.06589
area1 ID155 crustal  strike-slip  wc1994 0   1   90  0   11  2.50 0 0 rigid -116.9625     35.49921    -116.8612     35.47831    -116.6709     35.49161    -116.4823     35.49601     -116.393     35.45091
area1 ID13  crustal  strike-slip  wc1994 0   1   90  0   10  4.00 0 0 rigid -124.3434     40.20667    -124.4119     40.26217     -124.696      40.3717    -125.3541     40.39914     -125.841     40.41508    -126.3812     40.41218
area1 ID605 crustal  strike-slip  wc1994 0   1   90  0   5.1 1.20 0 0 rigid -122.0432     37.63282    -121.9813     37.59522    -121.8783       37.507    -121.8164     37.45669
area1 ID250 crustal  strike-slip  wc1994 0   1   65  0   18  2.50 0 0 rigid -116.5724     34.00358    -116.6194     34.01874     -116.695     34.03942    -116.7397     34.04883    -116.8365     34.04584    -116.8995     34.02551
area1 ID779 crustal  strike-slip  wc1994 0   1   55  0   14  1.60 0 0 rigid -118.4206     34.26115    -118.4584     34.27896    -118.5572     34.27385
area1 ID78  crustal  strike-slip  wc1994 0   1   70  0   7.6 2.40 0 0 rigid -119.8977     34.42981    -119.8688     34.42478    -119.8071     34.43359    -119.7857     34.43359    -119.7506     34.44113     -119.743     34.44239    -119.6914     34.44994     -119.611     34.44113    -119.5104     34.43107    -119.4714      34.4273    -119.4261     34.41598    -119.3456     34.42353    -119.2878     34.42981    -119.2023     34.44994    -119.1658     34.47005
area1 ID686 crustal  strike-slip  wc1994 0   1   90  0   15  3.10 0 0 rigid -120.3687     39.49015    -120.3981     39.55919    -120.4532     39.63868    -120.5177     39.68093    -120.6171     39.74266    -120.7554     39.97353
area1 ID707 crustal  strike-slip  wc1994 0   1   50  0   14  1.90 0 0 rigid -119.1084     37.94299      -119.18     38.03399    -119.1815     38.10195
area1 ID646 crustal  strike-slip  wc1994 0   1   61  0   14  3.20 0 0 rigid -122.3143      37.4766    -122.1029     37.35314    -122.0699     37.31305    -122.0103     37.27489    -121.9554     37.24308     -121.894     37.21551    -121.7552     37.19444
area1 ID11  crustal  strike-slip  wc1994 0   1   90  0   14  3.50 0 0 rigid -121.5031     36.35759    -121.5957     36.40017    -121.6489     36.43872    -121.7353     36.46929    -121.8656     36.58495    -122.0105      36.8136    -122.1222     36.92128
area1 ID188 crustal  strike-slip  wc1994 0   1   32  0   8.6 1.70 0 0 rigid -119.4851     34.94336     -119.547     34.94976    -119.5938     34.95926    -119.6739     34.98177
area1 ID187 crustal  strike-slip  wc1994 0   1   32  0   8.6 2.20 0 0 rigid -119.7216     34.97481    -119.7629       34.994    -119.8124     35.02942    -119.8488     35.08852    -119.9204     35.16329
area1 ID711 crustal  strike-slip  wc1994 0   1   40  1   14  2.00 0 0 rigid -121.9081     37.77295    -121.9656     37.80168    -122.0498     37.89604
area1 ID713 crustal  strike-slip  wc1994 0   1   40  1   14  1.50 0 0 rigid -121.7852     37.72407    -121.9031     37.76546
area1 ID156 crustal  strike-slip  wc1994 0   1   90  0   12  2.50 0 0 rigid -116.9071     35.43651    -116.8454     35.42931     -116.635     35.44471    -116.5109     35.42691    -116.4364     35.41752    -116.3531     35.38808
area1 ID122 crustal  strike-slip  wc1994 0   1   90  0   10  2.70 0 0 rigid -117.9145     33.59104    -117.7989     33.50804    -117.6882     33.40241    -117.5473      33.2515     -117.487     33.21629    -117.4291     33.15593
area1 ID235 crustal  strike-slip  wc1994 0   1   88  0   15  3.20 0 0 rigid -117.934     33.61272     -117.993     33.67447    -118.0436     33.70453     -118.063     33.71791    -118.0757      33.7355    -118.1138     33.76485    -118.1504     33.78869    -118.2057     33.82666    -118.2128     33.83212    -118.2322      33.8438    -118.2643     33.88475    -118.2881     33.91153    -118.3038     33.93063    -118.3182     33.93325    -118.3288     33.94794    -118.3531     33.96159    -118.3603     33.98879    -118.3672     34.00236    -118.3896     34.04331
area1 ID83  crustal  strike-slip  wc1994 0   1   41  0   17  2.70 0 0 rigid -116.8033     34.36839    -116.7607     34.33389    -116.7188     34.34164    -116.6696     34.33162    -116.6432     34.34042     -116.622     34.33338    -116.5886     34.32105    -116.5392     34.31929    -116.5252     34.31049
area1 ID82  crustal  strike-slip  wc1994 0   1   49  0   16  3.20 0 0 rigid -117.2691     34.31693     -117.242       34.343     -117.228       34.367      -117.21       34.371    -117.2011     34.40468    -117.1672     34.43865    -117.1445     34.44431    -117.1077     34.44148    -117.0596     34.42167     -117.003     34.39619    -116.9888     34.38204    -116.9378     34.36505    -116.8501     34.37072
area1 ID199 crustal  strike-slip  wc1994 0   1   54  0.5 17  0.90 0 0 rigid -118.3172     34.09253    -118.3517     34.08385
area1 ID687 crustal  strike-slip  wc1994 0   1   50  0   13  2.10 0 0 rigid -120.0445     39.11018      -120.05       39.148    -119.9943     39.21692    -119.9601     39.32425
area1 ID130 crustal  strike-slip  wc1994 0   1   35  7.4 17  2.40 0 0 rigid -118.712      34.4172     -118.634       34.404     -118.596      34.3837     -118.545      34.3541     -118.478      34.3421     -118.424      34.3282     -118.378      34.3097
area1 ID211 crustal  strike-slip  wc1994 0   1   31  0   15  2.70 0 0 rigid -118.4539     34.22872    -118.5145      34.2484    -118.5651     34.25968    -118.6555     34.30166    -118.7057      34.3008
area1 ID116 crustal  strike-slip  wc1994 0   1   65  1   19  3.20 0 0 rigid -119.212     34.26044    -119.1285     34.27598    -119.0974     34.31651    -119.0402     34.35225    -118.9589     34.36309    -118.8805     34.38133    -118.8104     34.38502    -118.7742     34.40132    -118.7227     34.39777
area1 ID709 crustal  strike-slip  wc1994 0   1   58  0   7   3.20 0 0 rigid -120.3167     34.91778    -120.3486     34.99916     -120.413     35.08794    -120.4571     35.12092    -120.5267      35.2101    -120.6495     35.34155     -120.807     35.45027     -120.868     35.50391    -120.9334     35.57117    -121.0014     35.59047    -121.0559     35.62484    -121.1527     35.65945    -121.2197     35.68358
area1 ID777 crustal  strike-slip  wc1994 0   1   23  1   8.3 3.50 0 0 rigid -117.5976     32.97799    -117.6145     33.05492    -117.6525     33.07244    -117.6801     33.15778    -117.7104     33.21753    -117.7473     33.24433    -117.7462     33.33241    -117.7843     33.41131    -117.8156     33.47233    -117.8196     33.50926
area1 ID921 crustal  strike-slip  wc1994 0   1   90  0   11  2.10 0 0 rigid -121.0498     37.00376    -121.1274      37.0909    -121.1606      37.1445    -121.2211      37.1879    -121.2708      37.2499    -121.3018      37.2974
area1 ID9   crustal  strike-slip  wc1994 0   1   90  0   11  2.70 0 0 rigid -121.1429      37.1081     -121.138       37.034    -121.0114     36.90705    -120.9036     36.79396    -120.8229     36.62523
area1 ID64  crustal  strike-slip  wc1994 0   1   90  0   14  3.90 0 0 rigid -117.9654     36.30771      -118.02      36.5047     -118.043      36.5522      -118.07      36.6355     -118.083      36.6943     -118.119      36.7739      -118.16      36.8506     -118.197      36.9315     -118.329       37.234
area1 ID891 crustal  strike-slip  wc1994 0   1   50  0   13  1.80 0 0 rigid -118.3445     37.19276    -118.3758     37.23434    -118.3749     37.25722    -118.4133      37.3193    -118.4101     37.33332
area1 ID47  crustal  strike-slip  wc1994 0   1   90  0   12  1.80 0 0 rigid -116.8772     35.60639    -116.6414     35.72774
area1 ID841 crustal  strike-slip  wc1994 0   1   33  0   14  3.30 0 0 rigid -119.7062      34.8866    -119.6211      34.8301    -119.5833      34.8119    -119.5058      34.7989    -119.4508      34.7649    -119.3447      34.6742
area1 ID109 crustal  strike-slip  wc1994 0   1   90  0   14  3.90 0 0 rigid -117.8595     33.22678     -117.917      33.2798     -117.943      33.3184     -117.986      33.3546      -118.06      33.4428      -118.08      33.4816     -118.119      33.5449     -118.146      33.5835     -118.233      33.6919     -118.254      33.7472     -118.334      33.7895       -118.4      33.8175     -118.439      33.8637     -118.496      33.9021     -118.557      33.9702
area1 ID244 crustal  strike-slip  wc1994 0   1   90  0   13  3.80 0 0 rigid -116.9046     35.61219    -116.9423     35.63979    -116.9759     35.65978    -117.0516     35.68278    -117.0905     35.71124    -117.1214     35.75447     -117.168     35.86077     -117.171     35.89043    -117.1865     35.92066    -117.2147     36.00811    -117.2196     36.03833    -117.1967     36.07086    -117.2198     36.20696    -117.2643     36.26987    -117.3181     36.30707    -117.4115     36.43964
area1 ID162 crustal  strike-slip  wc1994 0   1   90  0   13  2.80 0 0 rigid -116.78     34.92533    -116.7898     35.03095    -116.8094     35.05285     -116.883     35.24799    -116.8867     35.32016    -116.9154     35.40109
area1 ID186 crustal  strike-slip  wc1994 0   1   50  0.3 14  1.60 0 0 rigid -117.7409     33.83765    -117.8173     33.82453    -117.8858     33.84352
area1 ID647 crustal  strike-slip  wc1994 0   1   81  0   9.5 2.30 0 0 rigid -122.1623     37.31225    -122.2164     37.35044    -122.2553     37.38728    -122.3421     37.44925    -122.3914     37.52283    -122.4937     37.58631    -122.5564     37.64006
area1 ID193 crustal  strike-slip  wc1994 0   1   45  0   16  3.80 0 0 rigid -118.7888      34.6192    -118.8409     34.62158    -118.8898      34.6165    -118.9713     34.57987    -119.1284     34.57692    -119.2576      34.6039    -119.3357     34.62293      -119.37     34.64962     -119.427     34.66513
area1 ID93  crustal  strike-slip  wc1994 0   1   90  0   16  3.60 0 0 rigid -116.7204     34.05496    -116.7015     34.06018    -116.6797     34.07253    -116.6383     34.08013    -116.5913      34.0787    -116.5586     34.08298    -116.4794     34.11099    -116.4593     34.12429    -116.4145     34.13046    -116.2831     34.14471    -116.2286     34.14756    -116.0817     34.13806    -116.0536     34.13046    -116.0112     34.12571    -115.9589     34.10814    -115.9434     34.10624    -115.8455     34.09336
area1 ID89  crustal  strike-slip  wc1994 0   1   90  0   13  3.50 0 0 rigid -115.9891     34.12149    -116.0289     34.15398    -116.0613     34.20586    -116.1236     34.29145    -116.1754      34.3913    -116.2519     34.47041    -116.2571     34.47948    -116.2571     34.49116    -116.3336     34.56248    -116.3764     34.63381    -116.4063     34.69735    -116.4854     34.81796
area1 ID212 crustal  strike-slip  wc1994 0   1   13  1.5 8.8 3.40 0 0 rigid -119.7757     34.23377     -119.832     34.26542    -119.9117     34.28773    -119.9784      34.3044    -120.0602     34.27551    -120.1194     34.24876
area1 ID215 crustal  strike-slip  wc1994 0   1   16  0.4 13  3.70 0 0 rigid -119.4775     34.17157    -119.5721     34.15449    -119.6394     34.15026    -119.6834     34.15547    -119.8025     34.16794
area1 ID688 crustal  strike-slip  wc1994 0   1   60  0   8.9 2.00 0 0 rigid -121.4036     41.19941    -121.3357     41.11377    -121.2875     41.03581    -121.2702     40.96952    -121.2895     40.88977
area1 ID58  crustal  strike-slip  wc1994 0   1   46  0   14  2.90 0 0 rigid -119.2959     34.94152    -119.2371     34.95623    -119.2062     34.95564    -119.1282     34.98694    -119.0809     35.00708    -119.0505     35.00748    -119.0361     34.99168    -119.0129     34.97825    -118.9941     34.96837    -118.9795     34.94387    -118.9687     34.93505    -118.9486     34.93152    -118.9278      34.9327    -118.9107     34.93914     -118.879     34.93505
area1 ID666 crustal  strike-slip  wc1994 0   1   53  0   9   2.70 0 0 rigid -122.843     37.91569    -122.9178      37.9468     -122.938     37.96232    -123.0274     37.97097    -123.1732     38.09367    -123.2346     38.18435    -123.2776     38.31156
area1 ID843 crustal  strike-slip  wc1994 0   1   53  0   9   2.00 0 0 rigid -122.5922     37.68165    -122.7124     37.81246     -122.843     37.91569
area1 ID545 crustal  strike-slip  wc1994 0   1   81  0   15  2.10 0 0 rigid -120.245     39.51327    -120.2317       39.467    -120.2032     39.41875    -120.1441      39.3471    -120.1036      39.2839
area1 ID240 crustal  strike-slip  wc1994 0   1   25  5   13  2.90 0 0 rigid -117.8673     33.92685    -118.0432     33.93151    -118.1435     33.95408    -118.2976     34.05861
area1 ID648 crustal  strike-slip  wc1994 0   1   85  0   10  1.70 0 0 rigid -121.3757     36.93768    -121.3353     36.89357    -121.2973     36.85596    -121.2579     36.81047    -121.2073     36.75499
area1 ID152 crustal  strike-slip  wc1994 0   1   79  0   16  1.90 0 0 rigid -117.9901     34.16296    -118.0025     34.16088    -118.0149     34.15555    -118.0292     34.15071    -118.0493     34.14087    -118.0575     34.13914    -118.0805     34.12964    -118.1151     34.12288    -118.1231      34.1213     -118.129     34.11832     -118.223      34.1217
area1 ID118 crustal  strike-slip  wc1994 0   1   56  0   14  4.00 0 0 rigid -119.304      34.3386      -119.38       34.337     -119.424       34.356      -119.47      34.3573     -119.531      34.3572     -119.631      34.3582     -119.749      34.3617     -119.861      34.3822     -119.939      34.3991     -120.386      34.3573
area1 ID161 crustal  strike-slip  wc1994 0   1   90  0   12  1.80 0 0 rigid -116.3561     35.24381    -116.3004     35.17161    -116.1808     35.06561
area1 ID232 crustal  strike-slip  wc1994 0   1   90  0   13  1.30 0 0 rigid -118.5304     33.79425    -118.3949     33.81189
area1 ID649 crustal  strike-slip  wc1994 0   1   58  0   11  4.00 0 0 rigid -122.2428     36.98756    -122.0852     36.91161    -122.0218      36.8416    -121.9907     36.80062    -121.8962     36.72562    -121.8125     36.69627    -121.7635     36.67446    -121.6932     36.64715     -121.631     36.58147    -121.5717     36.56294    -121.5087      36.4857    -121.4636     36.43736    -121.3578     36.35922    -121.3054     36.26658     -121.249     36.20935
area1 ID205 crustal  strike-slip  wc1994 0   1   28  2.5 13  1.20 0 0 rigid -117.8003     33.87146    -117.8674     33.86451
area1 ID650 crustal  strike-slip  wc1994 0   1   82  0   8.5 3.30 0 0 rigid -121.249     36.20935    -121.1639     36.12691    -121.1321     36.08953    -121.0683     36.02763    -121.0032      35.9331     -120.967     35.88708    -120.9035     35.81184    -120.8214      35.7273    -120.7767      35.6867    -120.7181     35.64417    -120.6697     35.57253    -120.6358     35.51539    -120.6179     35.46358    -120.5894     35.41377    -120.5607     35.37442    -120.4933     35.30173
area1 ID38  crustal  strike-slip  wc1994 0   1   50  0   13  1.70 0 0 rigid -119.3171     38.20659    -119.3029     38.23859    -119.3046     38.26348    -119.2317      38.3346
area1 ID689 crustal  strike-slip  wc1994 0   1   60  0   9   1.30 0 0 rigid -121.6423     40.98377    -121.6154     40.91058    -121.6266     40.84598
area1 ID651 crustal  strike-slip  wc1994 0   1   77  0   12  3.20 0 0 rigid -122.44     38.16672    -122.4864     38.20684    -122.5428     38.27002    -122.6392     38.36302    -122.6732     38.40905    -122.7056     38.46776    -122.7601     38.52276    -122.8672     38.63767    -122.9963     38.76252
area1 ID123 crustal  strike-slip  wc1994 0   1   90  0   7.7 2.50 0 0 rigid -117.1462     32.53385    -117.1505     32.60327    -117.1654     32.64777    -117.1621     32.70989    -117.1704     32.72904    -117.1976     32.75951      -117.21     32.80108    -117.2413     32.83548    -117.2636     32.85454    -117.3251     33.01888     -117.399       33.105      -117.41       33.124    -117.4355       33.141
area1 ID42  crustal  strike-slip  wc1994 0   1   50  0   13  2.80 0 0 rigid -118.5992     37.24244    -118.6162     37.25132    -118.6351     37.26467    -118.6411     37.27861    -118.6388     37.30151    -118.6276     37.32666    -118.6151     37.34512     -118.615      37.3574    -118.6297     37.38249    -118.6425     37.39753    -118.6506     37.40476    -118.6512     37.41369    -118.6372     37.44611    -118.6416     37.48127    -118.6504     37.51517    -118.6718     37.52474    -118.7023     37.53973    -118.7309     37.54858    -118.7423     37.56027
area1 ID690 crustal  strike-slip  wc1994 0   1   71  0   20  4.00 0 0 rigid -123.7789     40.27215    -123.8655     40.34205    -123.8936      40.3847    -124.1076     40.47629    -124.2475     40.51635    -124.3529     40.50959    -124.4525     40.58565    -124.4867     40.64498    -124.5625     40.68344
area1 ID287 crustal  strike-slip  wc1994 0   1   90  0   15  2.80 0 0 rigid -119.4029     34.94406    -119.3629     34.91571      -119.21      34.8639    -119.0301     34.82896    -118.8901      34.8076
area1 ID300 crustal  strike-slip  wc1994 0   1   90  0   15  3.00 0 0 rigid -119.8659      35.3142    -119.7068      35.1607    -119.5583      35.0475    -119.4711      34.9878    -119.4029      34.9441
area1 ID285 crustal  strike-slip  wc1994 0   1   90  0   12  2.80 0 0 rigid -119.866     35.31417    -119.9703     35.41391    -120.0868     35.53331       -120.3     35.75198
area1 ID295 crustal  strike-slip  wc1994 0   1   90  0   11  2.80 0 0 rigid -116.2463     33.78825    -115.7119     33.35009
area1 ID658 crustal  strike-slip  wc1994 0   1   90  0   12  3.90 0 0 rigid -120.5613     36.00264    -120.6695     36.10514    -120.7388     36.16257    -120.8281     36.24267    -120.8899     36.30519    -121.0009     36.41619    -121.0863     36.50079    -121.1657     36.57409    -121.2096     36.61081     -121.307     36.69336      -121.37      36.7393    -121.4763     36.80405
area1 ID286 crustal  strike-slip  wc1994 0   1   90  0   15  2.40 0 0 rigid -118.8901      34.8076    -118.8876     34.80722    -118.7673     34.77325    -118.5089      34.6985
area1 ID301 crustal  strike-slip  wc1994 0   1   90  0   13  3.60 0 0 rigid -118.5089      34.6985    -118.1039     34.54785    -117.7536     34.40293     -117.549      34.3163
area1 ID294 crustal  strike-slip  wc1994 0   1   76  0   18  4.00 0 0 rigid -117.2702     34.17172     -117.222     34.15003    -117.1429     34.13407    -117.0849     34.11734    -116.9975     34.09814    -116.9394     34.08445    -116.8399     34.07485    -116.7511     34.06318    -116.6511     34.03425    -116.5623     34.00265    -116.5159     33.97184    -116.4665     33.93312    -116.4224     33.90582     -116.316     33.84403    -116.2463     33.78825
area1 ID654 crustal  strike-slip  wc1994 0   1   90  0   11  4.00 0 0 rigid -122.6651     37.89651     -122.702      37.9354    -122.7752     38.02445     -122.849     38.09768    -122.8947     38.14614    -122.9683     38.22641    -123.0007     38.26875    -123.0799     38.36727    -123.1188     38.40803    -123.2169     38.49986    -123.2622     38.54419    -123.3104     38.59103     -123.364     38.64567    -123.4329     38.71626    -123.4837     38.76575    -123.5225      38.8078    -123.5901     38.87964    -123.6909     39.00072    -123.7299     39.04879    -123.7955     39.14784
area1 ID653 crustal  strike-slip  wc1994 0   1   90  0   11  3.80 0 0 rigid -123.7955     39.14784    -123.8191     39.20339    -123.8554     39.28352    -123.8653      39.3291    -123.9059     39.39779      -123.93     39.48017    -123.9474     39.53142     -123.962     39.64229    -123.9969     39.73711    -124.0181     39.83372    -124.0403     39.92449    -124.0861     40.01099    -124.1541     40.08725     -124.251     40.15296    -124.3434     40.20667
area1 ID32  crustal  strike-slip  wc1994 0   1   90  0   10  2.00 0 0 rigid -120.3     35.75198    -120.5609     36.00265
area1 ID655 crustal  strike-slip  wc1994 0   1   90  0   13  3.60 0 0 rigid -122.002     37.17514    -122.0541     37.22235    -122.1159     37.27902    -122.1658     37.31659    -122.2021     37.35174    -122.2663     37.42341     -122.356     37.51492    -122.4453     37.62354    -122.5023     37.67787    -122.5453     37.72311    -122.6198     37.83078    -122.6651     37.89651
area1 ID282 crustal  strike-slip  wc1994 0   1   90  0   13  2.20 0 0 rigid -117.549      34.3163     -117.451      34.2709    -117.3887     34.23284    -117.2742     34.17314     -117.222     34.15003
area1 ID283 crustal  strike-slip  wc1994 0   1   90  0   13  2.40 0 0 rigid -117.222     34.15003    -117.0677      34.0928    -117.0139     34.07377    -116.9023     34.03384    -116.8735     34.01135    -116.8198     33.95911
area1 ID284 crustal  strike-slip  wc1994 0   1   58  0   13  3.00 0 0 rigid -116.2463     33.78825     -116.383     33.84852    -116.4265     33.84812    -116.5169     33.88466    -116.5849     33.90702    -116.6239     33.91757    -116.6858     33.94416    -116.7786     33.93741    -116.8014     33.95315
area1 ID657 crustal  strike-slip  wc1994 0   1   79  0   15  3.10 0 0 rigid -122.002     37.17514     -121.976     37.15797    -121.8869     37.09443    -121.8199     37.05752    -121.7641     37.02349    -121.7302     36.98707    -121.6647     36.93344    -121.6167     36.90468    -121.5206      36.8348    -121.4763     36.80405
area1 ID80  crustal  strike-slip  wc1994 0   1   42  0   16  3.20 0 0 rigid -118.762      34.4361     -118.831      34.4047     -118.865      34.4021     -118.913     34.41725    -118.9239     34.42704    -118.9279     34.44946    -118.9436     34.44841    -118.9769      34.4221    -119.0075     34.42178    -119.0367     34.42294    -119.0818     34.43573    -119.1038     34.43289    -119.1591     34.44997
area1 ID178 crustal  strike-slip  wc1994 0   1   88  0   9   4.00 0 0 rigid -117.3825     31.99493    -117.4486     32.03876    -117.5025     32.06328    -117.5551     32.10777    -117.6044     32.12567    -117.6649     32.17387    -117.6924     32.20371    -117.7366     32.23346    -117.7743     32.26201    -117.8294     32.31135    -117.8778     32.35586    -117.9148      32.3929    -117.9534     32.47754    -117.9955     32.54426    -118.0459     32.58308    -118.0809     32.64147     -118.165     32.70417    -118.2264     32.74065    -118.2662     32.77027    -118.3307     32.83611    -118.3651     32.88894    -118.3974     32.91655    -118.4546     32.94843     -118.484     32.98428    -118.5248     33.03656    -118.5672     33.07696    -118.6274     33.13413    -118.6661     33.16801    -118.7204     33.21511    -118.8046       33.288
area1 ID774 crustal  strike-slip  wc1994 0   1   90  0   8.3 3.50 0 0 rigid -117.4148      32.3996    -117.4576       32.474    -117.4868      32.5126    -117.5178      32.5551    -117.5665      32.6289    -117.5797      32.6528    -117.5962      32.6804    -117.6303      32.7339    -117.6618      32.7703    -117.6802      32.7951    -117.7008       32.825    -117.7228      32.8541     -117.735      32.8706    -117.7402      32.8845    -117.7612       32.918    -117.7785      32.9342    -117.7899      32.9473    -117.8162       32.964    -117.8313      32.9759    -117.8562      32.9954    -117.8883      33.0317    -117.9159      33.0594    -117.9507      33.1049    -117.9787       33.132    -117.9984       33.143    -118.0017      33.1622    -118.0205      33.1863    -118.0399      33.2208    -118.0741       33.265    -118.0748      33.2656    -118.1039      33.3093    -118.1235      33.3321    -118.1392       33.355    -118.1529      33.3693    -118.1855      33.3969    -118.2309      33.4244    -118.2489      33.4328
area1 ID177 crustal  strike-slip  wc1994 0   1   90  0   8.3 3.60 0 0 rigid -117.4288     32.44749    -117.3521     32.31797    -117.3292     32.26362     -117.243     32.16718    -117.2137     32.14046    -117.1668     32.06836    -117.1105     32.02117     -117.083     31.98074    -117.0338     31.87158    -117.0012       31.825    -116.9652     31.79777    -116.8964     31.75311    -116.8006     31.68439     -116.773     31.65361    -116.7051      31.6017     -116.638     31.57908    -116.5281     31.57808    -116.4527     31.56875    -116.3879     31.55158    -116.3225     31.52549
area1 ID247 crustal  strike-slip  wc1994 0   1   61  0   15  3.50 0 0 rigid -118.28     34.31781     -118.301      34.3311     -118.428      34.3705     -118.489      34.3947     -118.561      34.4363     -118.644      34.5142     -118.696      34.5606     -118.772      34.6203     -118.816      34.6621     -118.875       34.714
area1 ID248 crustal  strike-slip  wc1994 0   1   61  0   15  3.30 0 0 rigid -117.631      34.2629      -117.68       34.235     -117.743      34.2434     -117.889      34.2574     -117.939      34.2492     -118.035       34.246     -118.088      34.2533     -118.136      34.2647     -118.207      34.2867     -118.255      34.3009      -118.28     34.31781
area1 ID194 crustal  strike-slip  wc1994 0   1   60  0   18  2.50 0 0 rigid -116.7801     33.93929    -116.8561     33.94665    -116.9108     33.92916    -116.9789     33.97674    -117.0666     33.98509
area1 ID660 crustal  strike-slip  wc1994 0   1   90  0   12  3.90 0 0 rigid -122.705     37.93885    -122.6831     37.89578    -122.6591     37.85063    -122.6257     37.78453    -122.5707      37.6583    -122.5431     37.59522    -122.5148     37.52315     -122.441     37.42378    -122.4181     37.37835    -122.3694     37.25544    -122.3152     37.16371    -122.2692     37.08759    -122.2428     36.98756     -122.205     36.92193    -122.1755     36.85944
area1 ID661 crustal  strike-slip  wc1994 0   1   75  0   12  3.30 0 0 rigid -121.7038     36.15477    -121.7742     36.24816    -121.8815     36.33826    -121.9493     36.41514    -122.0123     36.54491     -122.039     36.59382     -122.063     36.64355    -122.0806     36.68964    -122.1267     36.76527    -122.1511     36.80982    -122.1755     36.85944
area1 ID293 crustal  strike-slip  wc1994 0   1   90  0   17  2.80 0 0 rigid -116.9143     33.73643    -116.8447     33.69667     -116.549      33.5112    -116.5133     33.48955
area1 ID99  crustal  strike-slip  wc1994 0   1   90  0   13  2.20 0 0 rigid -116.205      33.2066     -116.164      33.1822     -116.129      33.1434     -116.058      33.0976     -116.011      33.0297     -115.943       33.001
area1 ID292 crustal  strike-slip  wc1994 0   1   90  0   17  2.90 0 0 rigid -116.5133     33.48955     -116.393      33.4166     -116.339       33.396     -116.297      33.3839      -116.21       33.315     -116.147      33.2854     -116.099      33.2558
area1 ID101 crustal  strike-slip  wc1994 0   1   90  0   16  2.70 0 0 rigid -116.543      33.4688      -116.47      33.4204     -116.283      33.2636     -116.205      33.2066
area1 ID901 crustal  strike-slip  wc1994 0   1   90  0   16  2.00 0 0 rigid -117.5012      34.2466     -117.442     34.18028     -117.325      34.1013
area1 ID119 crustal  strike-slip  wc1994 0   1   90  0   16  2.50 0 0 rigid -117.5003     34.26298     -117.389      34.1917     -117.325      34.1013     -117.237       34.017
area1 ID289 crustal  strike-slip  wc1994 0   1   90  0   16  1.80 0 0 rigid -117.237       34.017     -117.222      34.0067    -117.0896     33.90453
area1 ID401 crustal  strike-slip  wc1994 0   1   90  0   16  2.10 0 0 rigid -117.0896     33.90453    -116.9143     33.73643
area1 ID28  crustal  strike-slip  wc1994 0   1   90  0   12  1.90 0 0 rigid -115.943       33.001    -115.8067     32.93785     -115.698      32.8842
area1 ID143 crustal  strike-slip  wc1994 0   1   23  2   12  2.80 0 0 rigid -117.933       33.695     -117.823       33.688     -117.736       33.647     -117.674       33.597
area1 ID107 crustal  strike-slip  wc1994 0   1   74  0   16  1.80 0 0 rigid -117.6901     34.11406    -117.7305     34.08464    -117.8384     34.06012    -117.8789     34.03928
area1 ID31  crustal  strike-slip  wc1994 0   1   90  0   13  3.30 0 0 rigid -120.3719      35.7928    -120.2954      35.6797    -120.2292     35.50193    -120.1249     35.30454     -120.082     35.28247    -119.9607     35.14761
area1 ID692 crustal  strike-slip  wc1994 0   1   45  0   12  1.90 0 0 rigid -120.4916     34.99137    -120.5591     35.05323    -120.6099     35.08534    -120.6593     35.12061
area1 ID693 crustal  strike-slip  wc1994 0   1   90  0   12  1.80 0 0 rigid -120.6887     35.03899    -120.7365     35.10442    -120.8062     35.14009    -120.8916     35.19147
area1 ID691 crustal  strike-slip  wc1994 0   1   52  0   12  3.50 0 0 rigid -120.0901     34.77303      -120.19     34.81084    -120.3153     34.91415    -120.3696     34.95465    -120.4414     34.99749    -120.5146     35.07302    -120.5668     35.11163    -120.6405     35.14155    -120.7721     35.19377
area1 ID181 crustal  strike-slip  wc1994 0   1   88  0.8 12  2.90 0 0 rigid -118.3345     33.47176     -118.384     33.50261    -118.4674     33.57773    -118.5031      33.6401    -118.5842     33.72966    -118.6569     33.80832    -118.6992     33.85585    -118.7223     33.90237    -118.7973     33.94079
area1 ID183 crustal  strike-slip  wc1994 0   1   17  1   16  3.70 0 0 rigid -118.4672      33.7364    -118.5142      33.7683    -118.6033     33.79964    -118.6637     33.84934    -118.6881     33.88057
area1 ID198 crustal  strike-slip  wc1994 0   1   66  1.6 17  1.30 0 0 rigid -118.3073     34.05944    -118.4026     34.06935
area1 ID775 crustal  strike-slip  wc1994 0   1   90  0   11  3.60 0 0 rigid -118.5233     33.38443    -118.7724     33.46513     -118.797     33.49779    -118.8474     33.52639    -118.8574     33.56176    -119.0088      33.6505    -119.0484     33.68382    -119.0916     33.71397     -119.133     33.74569    -119.2025     33.78925    -119.2779     33.84192    -119.3625     33.89128    -119.4875      33.9851
area1 ID111 crustal  strike-slip  wc1994 0   1   90  0   13  3.10 0 0 rigid -119.994      34.0727     -119.874      34.0314     -119.778      34.0155     -119.725      34.0048     -119.612      33.9857     -119.515      33.9871     -119.347      33.9785      -119.26      33.9828
area1 ID185 crustal  strike-slip  wc1994 0   1   20  2.3 18  2.80 0 0 rigid -118.7855     33.76722    -118.9166      33.8735
area1 ID226 crustal  strike-slip  wc1994 0   1   75  0   18  1.70 0 0 rigid -118.4118     34.06908    -118.4558     34.04205    -118.4749      34.0356    -118.4813     34.03156    -118.5247     34.03043    -118.5544     34.03243
area1 ID110 crustal  strike-slip  wc1994 0   1   90  0   8.7 2.30 0 0 rigid -119.906      34.0112     -119.966      33.9855     -120.111      33.9714      -120.18      33.9722      -120.23      33.9833       -120.3      33.9844     -120.358      33.9873      -120.43      33.9873     -120.511      34.0199
area1 ID778 crustal  strike-slip  wc1994 0   1   55  0   16  1.30 0 0 rigid -118.4955     34.32418     -118.453      34.3268    -118.4153      34.3018
area1 ID227 crustal  strike-slip  wc1994 0   1   55  0   16  2.40 0 0 rigid -118.4955     34.32418    -118.5232     34.30532    -118.5458     34.30029    -118.5811     34.32041    -118.6163     34.32292    -118.6339     34.33298    -118.7081     34.35059    -118.7672     34.35939
area1 ID79  crustal  strike-slip  wc1994 0   1   70  0   13  3.20 0 0 rigid -119.636      34.4992     -119.553       34.488     -119.501      34.4888     -119.435      34.4987      -119.32      34.5067      -119.23      34.5293     -119.164      34.5315     -118.954      34.5697     -118.904      34.5839
area1 ID77  crustal  strike-slip  wc1994 0   1   70  0   9.2 2.80 0 0 rigid -120.4834      34.5126     -120.307      34.5121     -120.263      34.5147     -120.208      34.5239      -120.12      34.5442     -120.031      34.5618     -119.977      34.5603     -119.935      34.5474     -119.867      34.5533     -119.806      34.5484     -119.732      34.5205    -119.6355      34.4992
area1 ID781 crustal  strike-slip  wc1994 0   1   70  0   12  3.10 0 0 rigid -120.667      34.6554    -120.5497      34.6354     -120.408      34.6484    -120.3257        34.65    -120.2388      34.6129    -120.1144        34.58    -120.0249      34.5817    -119.8974      34.5508
area1 ID662 crustal  strike-slip  wc1994 0   1   90  0   12  2.70 0 0 rigid -121.9502     37.13935    -121.8528     37.10788    -121.7762     37.08027    -121.6803     37.00954    -121.6256     36.97964     -121.521     36.91338    -121.4118      36.8707
area1 ID209 crustal  strike-slip  wc1994 0   1   68  7   13  1.00 0 0 rigid -118.0044     35.76803    -118.1061     35.67206
area1 ID885 crustal  strike-slip  wc1994 0   1   90  0   13  1.50 0 0 rigid -115.629     34.13881    -115.7394     34.23976
area1 ID547 crustal  strike-slip  wc1994 0   1   90  0   12  1.70 0 0 rigid -120.742       35.132     -120.799       35.177     -120.874       35.213     -120.906       35.235     -120.937       35.256
area1 ID114 crustal  strike-slip  wc1994 0   1   53  0   14  3.20 0 0 rigid -117.74      34.1231     -117.755      34.1219     -117.769      34.1317     -117.807      34.1305     -117.818      34.1323      -117.86      34.1587     -117.881       34.147      -117.94      34.1501     -117.985      34.1611     -118.003      34.1752     -118.068      34.1758     -118.112       34.201     -118.149      34.2028     -118.189     34.21074    -118.2227     34.23489    -118.2623     34.24946    -118.2793     34.25849      -118.29      34.2751
area1 ID113 crustal  strike-slip  wc1994 0   1   45  0   13  1.90 0 0 rigid -118.2951      34.2782    -118.3278      34.2729     -118.411        34.29    -118.4153      34.3018    -118.4889       34.284
area1 ID210 crustal  strike-slip  wc1994 0   1   50  0   14  2.50 0 0 rigid -117.99      36.2193    -118.0389     36.29331    -118.0303     36.35179    -118.0317     36.40818     -118.092      36.5015
area1 ID664 crustal  strike-slip  wc1994 0   1   75  0   11  2.40 0 0 rigid -121.6343     37.17361    -121.7009     37.21722    -121.7505     37.27167    -121.8991     37.36411    -121.9415     37.42088     -121.962       37.502
area1 ID115 crustal  strike-slip  wc1994 0   1   60  1   12  2.30 0 0 rigid -118.696      34.3038     -118.758      34.2835     -118.836      34.2708     -118.885      34.2523     -118.951      34.2468         -119      34.2346     -119.043      34.2422       -119.1      34.2168
area1 ID202 crustal  strike-slip  wc1994 0   1   29  0   17  2.70 0 0 rigid -119.2887      34.3973    -119.1287     34.42762    -119.0766     34.43538
area1 ID694 crustal  strike-slip  wc1994 0   1   90  0   10  1.20 0 0 rigid -120.9681     40.08853    -121.0406     40.11515    -121.0808     40.15228
area1 ID63  crustal  strike-slip  wc1994 0   1   50  0   14  4.00 0 0 rigid -118.023      35.2943      -118.04       35.347     -118.051      35.4261     -118.034      35.5384     -118.004       35.568     -117.909        35.61     -117.869      35.6839     -117.896     35.75828     -117.912      35.9341    -117.9459     35.97259     -117.985        36.08     -118.009       36.124      -117.99      36.2193
area1 ID189 crustal  strike-slip  wc1994 0   1   33  0   14  4.00 0 0 rigid -120.3477       35.249    -120.2316      35.1952    -120.1743      35.1638     -120.105      35.1174    -120.0384     35.07394    -119.9872     35.01747    -119.9094     34.95958     -119.869     34.93922    -119.8198     34.93345    -119.7471     34.91804    -119.6811     34.87983    -119.5967     34.86194
area1 ID719 crustal  strike-slip  wc1994 0   1   60  0   11  2.70 0 0 rigid -121.8703       42.477     -121.786     42.34266    -121.7404     42.28249    -121.6524     42.08454    -121.5957     42.03508
area1 ID720 crustal  strike-slip  wc1994 0   1   60  0   11  2.60 0 0 rigid -121.7184     42.01857    -121.7859     42.09167    -121.8288     42.12408    -121.8223     42.25936    -121.8933     42.32458    -121.9633     42.43793
area1 ID98  crustal  strike-slip  wc1994 0   1   90  0   13  2.20 0 0 rigid -115.895      33.0344    -115.8024     33.00819     -115.664      32.8999    -115.6062     32.83026
area1 ID708 crustal  strike-slip  wc1994 0   1   50  0   8.5 3.20 0 0 rigid -120.0377     41.16615    -120.1363      41.3162    -120.1511     41.41223    -120.1984     41.50288    -120.1816     41.58297     -120.227     41.67057    -120.2029     41.71606     -120.178     41.76672    -120.1626     41.90839
area1 ID695 crustal  strike-slip  wc1994 0   1   60  0   12  3.80 0 0 rigid -120.9299     38.71749    -121.2106     38.99235    -121.2658     39.06952    -121.3198     39.18731    -121.3505     39.23913    -121.4312      39.3944    -121.4634     39.53171
area1 ID15  crustal  strike-slip  wc1994 0   1   45  0   13  3.00 0 0 rigid -124.1798     40.64778     -124.282       40.696     -124.475       40.698     -124.679       40.828
area1 ID145 crustal  strike-slip  wc1994 0   1   50  0   8.3 2.00 0 0 rigid -117.196     35.91796    -117.2555     35.86348    -117.2524     35.80467    -117.2634     35.78965    -117.2363     35.75511    -117.2293     35.74856    -117.2172      35.6805    -117.2527     35.64161
area1 ID174 crustal  strike-slip  wc1994 0   1   24  0.3 9.6 4.00 0 0 rigid -117.6415     32.50357    -117.6763      32.5645    -117.6957     32.61594    -117.7157     32.65958    -117.7403     32.69746     -117.779     32.75104    -117.8164     32.79207    -117.8547     32.83654    -117.8959     32.89795    -117.9551     32.96037    -118.0147     33.01503    -118.1663     33.05839
area1 ID887 crustal  strike-slip  wc1994 0   1   50  0   13  2.50 0 0 rigid -117.4513     37.02513    -117.4762     36.93062    -117.4899     36.87013    -117.4848     36.80141    -117.5387     36.73244    -117.5405     36.71052
area1 ID886 crustal  strike-slip  wc1994 0   1   50  0   13  2.90 0 0 rigid -117.1125     36.59229    -117.2059     36.54908    -117.2093      36.4888    -117.2367     36.43412    -117.2518     36.42547    -117.2695     36.39168    -117.2621     36.30408    -117.2229     36.25892    -117.2326     36.23879
area1 ID19  crustal  strike-slip  wc1994 0   1   35  0   13  4.00 0 0 rigid -123.841        40.79    -123.9221     40.85426    -123.9994     40.93652    -124.0287     40.98205    -124.1117     41.04041    -124.2507     41.18733    -124.3186     41.24423     -124.343       41.297     -124.394       41.449
area1 ID117 crustal  strike-slip  wc1994 0   1   64  1   15  3.10 0 0 rigid -119.0089       34.411     -119.073     34.37641     -119.188     34.28372    -119.3188     34.28342     -119.413      34.3077     -119.463      34.3027     -119.593      34.2974
area1 ID112 crustal  strike-slip  wc1994 0   1   55  0   14  2.40 0 0 rigid -118.1298      34.1187    -118.1865      34.1496    -118.2285     34.15508    -118.2907     34.19714    -118.3657     34.22274    -118.4077     34.25383    -118.4206     34.26115
area1 ID696 crustal  strike-slip  wc1994 0   1   90  0   10  1.80 0 0 rigid -121.0211     40.22883    -121.0352      40.2887    -121.0677     40.33295    -121.0669     40.42177    -121.0874     40.49447
area1 ID665 crustal  strike-slip  wc1994 0   1   75  0   13  2.50 0 0 rigid -122.4825     38.50695     -122.381     38.37192    -122.3202     38.30753    -122.2825     38.21706    -122.2445     38.16441
area1 ID321 crustal  strike-slip  wc1994 0   1   50  0   13  3.20 0 0 rigid -120.0065     38.74818    -120.0222     38.81529    -120.0587     38.88471    -120.0741     38.96611    -120.0879     38.99956    -120.1057     39.09801    -120.0879     39.18257    -120.1049     39.21034     -120.109     39.23432    -120.1203     39.26209
area1 ID44  crustal  strike-slip  wc1994 0   1   90  0   13  3.80 0 0 rigid -118.1663     37.02209    -118.1666     37.03976    -118.1876     37.06858    -118.2237     37.17188    -118.2583     37.24149    -118.2792     37.30249     -118.293     37.33345    -118.3051     37.37849    -118.3181     37.43014    -118.3301     37.48475    -118.3357     37.52754    -118.3487     37.57551    -118.3672     37.66848    -118.3755     37.73563    -118.4113     37.78391    -118.4291     37.83149    -118.4135     37.86992    -118.3857     37.90091    -118.3459     37.94297    -118.3376     37.96437
area1 ID253 crustal  strike-slip  wc1994 0   1   75  0   15  3.10 0 0 rigid -119.007      35.0276     -118.811      35.1464     -118.779      35.1776     -118.735      35.2097     -118.672      35.2322     -118.602      35.2673     -118.538      35.3204     -118.487      35.3711    -118.4708      35.3839
area1 ID254 crustal  strike-slip  wc1994 0   1   75  0   15  2.70 0 0 rigid -118.4708      35.3839     -118.107       35.672
area1 ID236 crustal  strike-slip  wc1994 0   1   70  0   12  2.50 0 0 rigid -117.59      33.8289     -117.636      33.8511     -117.717      33.8733     -117.792      33.9074     -117.852      33.9297     -117.992      33.9712     -118.048       33.995
area1 ID697 crustal  strike-slip  wc1994 0   1   69  0   16  1.80 0 0 rigid -122.8449     38.95284    -122.9664     38.91723     -123.038      38.9356
area1 ID206 crustal  strike-slip  wc1994 0   1   90  0   13  1.60 0 0 rigid -117.8886     33.85846    -117.7192      33.9309
area1 ID715 crustal  strike-slip  wc1994 0   1   30  0   12  4.00 0 0 rigid -122.329     37.18723    -122.2751     37.16908     -122.218     37.16386    -122.0661     37.11188    -121.9828     37.09912    -121.8869     37.03836    -121.7883     36.95468    -121.7441     36.92647    -121.6808     36.87895    -121.6308     36.83695    -121.5631     36.80911    -121.4692     36.79985
